200 195
54
29
6
13
0
33
1
41
10
22
42
47
48
26
6
15
1
43
55
4
46
25
44
21
50
42
41
16
37
29
25
59
47
31
53
14
60
27
42
48
52
41
29
17
59
5
59
50
37
14
32
56
44
31
40
55
40
43
18
58
41
29
6
57
9
10
6
42
41
34
20
4
44
1
40
12
47
3
59
56
27
50
32
26
8
47
49
50
32
17
39
59
34
29
18
6
39
40
58
10
2
40
21
12
56
34
22
57
7
48
26
9
4
48
40
28
20
35
19
26
21
0
29
33
11
0
25
47
17
27
55
22
0
29
39
41
2
18
7
54
25
31
50
22
2
7
22
5
4
28
53
49
60
53
24
33
26
28
29
45
15
55
45
48
9
0
2
56
6
4
18
1
13
56
40
25
55
42
48
6
58
32
29
2
21
55
54
11
49
20
15
25
5
31
7
49
39
37
9
52
3 33 10
14 21 14
10 23 41
15 59 59
37 47 100
1 44 76
13 13 22
18 26 35
37 45 100
41 46 82
22 34 42
12 58 64
22 38 98
13 35 20
13 30 28
34 58 97
2 34 74
4 31 49
17 56 69
3 34 37
10 17 46
13 23 53
25 31 37
32 49 38
2 45 12
20 24 39
28 32 34
1 7 59
27 47 11
21 56 34
10 46 57
50 54 49
45 60 6
47 47 37
19 19 88
10 19 11
4 25 3
13 22 65
19 29 2
0 55 40
17 27 100
5 47 39
15 57 55
7 58 23
41 54 14
21 25 72
3 59 90
4 9 47
42 58 31
38 41 13
1 44 48
46 49 17
19 58 71
22 56 35
2 2 1
6 39 36
37 43 17
28 54 99
0 36 58
17 24 21
20 55 11
46 50 39
38 38 93
22 60 2
11 26 40
26 30 33
9 47 57
21 33 27
40 45 99
13 33 5
15 19 82
6 16 28
41 42 91
34 40 49
11 44 0
34 58 98
3 18 64
2 28 76
58 59 71
18 46 91
7 35 66
36 60 1
3 58 49
23 32 58
8 52 28
24 44 66
15 43 66
4 35 91
32 36 81
22 60 66
19 45 81
44 46 4
36 45 24
1 50 86
39 44 5
46 47 61
10 42 55
3 53 81
7 13 62
8 36 30
38 49 19
7 44 25
46 60 80
4 32 18
25 38 84
11 26 35
5 33 28
21 33 4
4 53 30
24 36 50
3 36 56
28 53 91
7 10 100
23 50 60
14 58 5
11 55 14
56 59 70
4 25 8
34 47 80
39 45 1
54 54 80
47 57 99
5 52 69
25 34 70
3 18 31
19 45 48
27 30 74
21 58 74
17 46 100
14 35 98
37 40 95
17 44 41
50 60 88
1 51 45
32 56 80
11 59 26
0 50 76
7 26 39
17 47 71
28 39 60
0 58 15
59 60 75
1 32 42
14 21 37
26 43 88
0 46 99
19 37 83
24 39 32
35 35 38
4 34 53
27 30 91
56 58 93
31 34 53
18 46 66
5 54 87
10 60 6
28 41 42
21 39 46
38 41 64
9 40 100
12 50 16
37 45 59
33 56 20
21 59 17
23 50 49
13 28 31
48 57 14
36 53 91
5 47 84
14 15 67
15 40 7
8 28 86
2 5 23
7 11 34
5 16 75
4 26 30
46 49 25
19 24 58
11 47 90
4 54 16
2 39 98
11 59 6
2 60 55
24 60 2
19 20 46
7 32 1
18 51 98
18 58 15
17 54 13
4 21 59
26 50 38
20 25 20
28 54 53
14 28 1
41 52 87
