1000 1000 1000
815 904
15 735
39 883
200 363
467 617
780 845
179 867
651 677
26 856
182 902
388 679
179 804
178 946
96 139
17 811
874 992
77 746
549 663
493 981
23 584
404 428
347 959
453 595
110 201
181 656
34 593
217 744
430 633
177 491
544 632
355 835
517 971
52 189
377 441
58 382
26 303
451 622
281 472
493 908
533 795
624 751
402 414
422 583
309 838
495 795
293 942
249 570
500 733
202 999
665 985
101 828
637 793
16 184
54 626
161 480
402 613
61 71
691 782
373 738
542 861
225 830
46 482
365 769
403 952
735 929
83 620
244 314
321 779
190 612
213 719
345 579
313 509
15 243
76 761
67 221
331 698
523 693
32 923
401 886
408 689
191 318
283 983
314 413
22 554
535 763
58 798
68 90
517 939
266 557
354 521
594 719
43 803
10 416
101 500
55 533
58 730
465 559
387 983
219 745
104 534
391 925
217 935
261 971
80 167
27 63
78 538
523 699
11 998
399 640
396 805
138 751
862 876
59 180
673 979
212 903
172 835
176 925
281 787
481 759
334 750
104 515
99 434
251 544
77 168
247 810
49 643
823 909
957 963
463 936
80 188
706 961
126 720
704 905
38 778
752 972
158 956
444 512
348 643
94 690
262 403
221 704
43 863
109 152
640 927
109 752
728 981
482 695
380 947
34 192
151 531
38 55
158 955
323 634
116 724
200 621
342 903
548 739
87 265
562 916
84 917
135 546
678 822
261 798
325 647
399 570
287 740
112 531
377 940
323 439
337 684
142 836
357 388
139 274
68 234
722 874
159 186
81 697
615 940
18 658
338 917
552 667
633 968
210 221
791 870
431 804
306 966
636 673
605 736
219 784
53 713
497 863
138 563
240 925
111 750
470 613
208 296
4 695
714 932
898 936
177 496
189 426
521 935
345 383
529 908
102 286
313 747
622 805
305 931
299 747
511 886
746 849
349 730
514 735
233 449
721 838
686 758
564 965
314 365
580 710
420 894
310 628
252 428
6 749
576 702
605 965
483 568
232 759
304 429
295 635
402 622
299 933
195 858
89 373
594 732
780 967
16 1000
738 839
229 933
437 504
88 593
459 628
191 378
528 731
147 890
723 927
449 830
97 391
131 169
245 851
93 895
155 594
862 933
17 87
190 417
38 790
267 795
323 745
555 664
482 623
69 880
632 655
62 384
134 699
828 861
910 961
191 798
290 408
755 814
109 764
681 817
168 437
244 657
90 459
222 496
313 930
64 946
654 693
32 126
470 885
322 939
484 651
240 946
269 801
194 502
212 553
570 892
592 630
784 798
89 298
91 994
479 812
205 708
706 915
151 220
30 672
759 935
569 888
599 629
80 303
422 798
288 506
237 462
917 940
538 601
314 883
402 502
161 192
524 850
28 690
544 892
589 686
309 399
188 256
237 907
60 882
140 684
183 519
41 448
681 881
82 453
347 967
327 990
482 581
61 983
193 366
183 588
35 98
95 753
141 143
633 948
176 778
254 547
142 805
27 859
315 467
341 772
920 954
680 819
341 704
837 862
81 375
372 660
194 353
309 344
716 829
119 985
304 486
384 994
281 346
109 538
825 983
54 153
109 792
209 780
497 737
126 213
225 959
650 977
86 231
22 734
309 844
181 799
300 458
313 475
403 872
340 379
84 647
658 697
195 431
10 42
656 878
798 829
240 744
16 256
191 554
847 885
502 632
575 878
838 882
125 461
797 847
216 913
632 740
665 973
344 583
385 440
387 404
582 618
62 812
165 594
274 597
76 189
216 240
466 603
445 958
476 882
24 229
159 572
243 792
668 955
328 609
65 952
232 948
814 904
449 742
106 664
722 726
587 664
344 755
3 750
222 265
155 946
178 807
35 108
295 399
127 995
793 808
587 983
750 894
341 796
463 590
782 957
24 570
372 676
400 618
10 75
432 623
550 743
172 394
407 827
288 536
606 700
107 882
880 888
264 665
197 533
106 596
362 678
85 582
484 672
804 984
80 375
380 794
44 934
793 945
295 882
356 999
68 707
161 788
251 389
55 198
416 546
21 838
220 508
724 734
419 642
178 257
555 590
375 953
81 170
349 410
394 978
408 576
499 674
109 829
676 714
228 299
93 418
111 942
190 652
93 637
496 704
481 607
249 987
227 316
686 785
151 171
474 1000
280 813
553 864
168 748
46 104
899 956
180 452
421 542
107 223
283 860
433 570
523 649
387 984
14 131
160 454
125 295
265 804
115 624
81 187
243 247
608 884
87 766
187 799
117 193
660 666
368 466
178 975
167 758
211 943
234 901
95 906
217 847
157 932
233 824
164 874
370 848
573 902
222 731
88 873
314 527
394 560
533 564
112 784
63 960
91 328
627 723
245 748
197 544
190 691
6 177
186 712
917 948
73 906
898 983
118 248
112 291
686 811
312 450
729 809
8 116
445 509
263 788
75 365
58 319
150 541
34 219
372 776
285 557
896 929
176 338
250 554
327 582
144 573
260 947
334 857
271 569
349 783
395 656
510 582
350 743
576 758
150 226
473 626
74 623
626 844
22 924
543 731
107 333
868 997
126 657
128 190
505 872
829 991
90 109
698 755
261 928
581 708
320 338
183 728
75 236
428 528
297 398
1 110
261 839
529 740
246 690
825 974
588 712
65 972
308 412
264 970
475 581
159 255
301 585
802 969
672 976
16 996
195 227
20 20
359 725
406 557
32 674
34 304
204 405
41 120
49 552
436 836
509 829
698 710
800 992
63 402
291 588
564 633
274 504
267 280
374 946
26 943
470 876
723 777
653 721
25 926
334 809
120 382
343 560
219 983
763 897
395 630
58 262
655 713
113 375
65 168
202 559
12 843
206 900
653 746
492 611
365 728
258 564
529 847
573 724
307 703
103 879
220 356
336 357
517 970
820 934
135 599
432 854
224 283
231 907
235 860
157 487
154 813
85 427
64 178
139 429
287 639
231 337
355 421
372 748
209 271
169 386
47 953
342 670
69 502
382 706
92 457
143 475
313 890
368 830
183 490
376 465
39 582
232 288
588 744
27 477
794 831
308 874
260 990
146 567
255 804
603 943
460 682
429 686
883 918
8 272
592 664
623 976
196 614
399 627
139 974
127 844
598 749
528 694
645 793
78 346
125 347
393 844
67 669
357 402
120 868
336 494
19 742
214 319
4 71
835 892
668 984
189 663
230 486
177 744
407 983
153 855
114 819
716 924
310 345
162 214
158 551
33 938
6 266
210 248
309 853
338 879
17 175
462 773
92 587
796 857
323 974
174 687
37 664
565 805
445 569
103 836
329 740
656 927
318 808
49 808
16 638
572 821
754 866
229 659
499 972
668 937
461 872
233 668
22 787
44 918
347 617
100 727
118 144
623 915
345 841
394 441
384 928
216 284
306 580
317 742
18 634
25 140
21 293
853 951
82 434
802 895
60 103
538 883
82 498
403 533
674 983
458 724
270 728
172 588
273 864
309 398
8 118
225 594
474 542
208 849
756 879
232 622
278 927
749 925
618 637
318 413
649 983
205 806
66 129
237 465
335 545
422 591
332 717
309 721
582 672
100 684
237 462
109 624
712 889
502 943
806 828
556 742
773 920
233 823
435 627
202 807
392 650
246 446
207 728
148 569
97 217
598 682
518 777
163 607
213 749
848 908
11 182
258 312
375 587
777 975
250 588
481 562
185 496
513 852
77 560
693 954
18 271
234 657
360 600
285 641
348 745
436 600
361 998
712 742
479 879
770 828
30 637
486 650
300 815
119 236
609 952
172 227
248 278
351 868
101 644
461 921
312 517
659 975
275 557
138 499
50 576
231 505
186 235
272 328
119 464
26 540
553 945
51 682
209 585
157 373
419 751
23 923
432 720
427 876
534 913
362 474
563 910
8 967
909 991
127 439
83 738
68 499
437 557
557 879
34 252
942 968
133 791
781 989
801 982
666 985
892 894
208 456
281 876
879 885
204 348
309 544
612 674
116 924
525 787
232 618
15 132
712 925
113 476
160 253
29 491
258 607
451 896
88 624
838 875
338 873
611 749
500 704
696 983
495 532
79 676
571 575
653 690
648 654
355 772
707 858
202 395
498 567
466 966
133 877
79 876
383 388
371 424
9 797
34 483
472 690
38 588
237 777
460 979
357 759
502 902
450 473
889 896
7 603
254 736
210 345
336 855
90 120
731 799
261 657
80 575
294 441
648 754
370 760
128 262
128 478
792 932
350 362
308 658
221 488
354 584
93 485
228 309
197 680
68 824
134 180
467 588
764 764
139 198
366 931
632 999
18 110
43 895
229 235
330 895
362 609
657 905
185 535
17 371
690 707
267 780
44 449
64 559
520 925
525 955
615 852
902 1000
53 646
648 717
100 944
193 665
469 516
630 901
288 456
252 335
508 799
405 825
670 763
831 839
753 961
324 915
215 629
306 718
123 246
289 947
801 945
152 981
436 843
802 835
658 832
146 223
184 229
890 915
122 204
25 167
908 955
656 902
112 667
709 938
80 506
145 587
91 784
667 749
550 233 508
769 723 855
540 20 338
371 413 574
281 318 330
185 614 942
551 119 619
243 277 833
774 768 868
199 10 196
630 197 577
81 207 938
490 239 414
812 499 569
586 367 808
454 385 659
385 351 503
574 523 668
954 458 674
960 107 378
977 830 868
846 11 983
297 112 345
216 523 914
438 34 190
214 547 941
418 305 344
464 397 957
604 317 777
301 121 258
298 44 987
641 586 992
415 33 847
763 854 900
554 284 443
129 801 920
91 4 475
613 788 991
402 625 805
806 471 550
955 893 956
871 203 456
583 545 638
576 86 885
340 501 801
202 145 154
925 21 890
262 637 970
818 468 585
849 48 95
124 164 912
447 173 348
742 204 492
894 92 825
525 213 422
452 39 995
570 558 567
207 178 475
582 720 775
509 707 883
782 586 926
714 396 488
111 188 834
60 214 356
83 486 700
304 357 442
970 241 848
197 713 835
927 32 502
521 436 788
931 505 860
235 152 631
829 111 986
86 517 841
827 181 689
516 52 600
19 691 820
147 129 850
377 19 268
158 177 577
812 563 860
555 410 650
375 119 299
913 414 655
537 163 839
735 551 729
746 73 515
498 602 611
520 493 731
776 352 424
40 419 635
184 192 663
16 174 584
4 421 443
955 71 967
148 142 673
834 569 777
851 14 997
981 66 774
290 50 507
365 235 793
226 272 634
264 19 80
809 76 505
234 136 760
769 308 510
896 502 729
306 575 913
658 127 765
984 373 791
688 177 444
555 470 679
349 17 908
246 343 790
477 700 768
918 324 616
173 238 786
761 234 849
510 438 485
841 504 896
741 143 372
76 102 266
21 741 846
715 39 567
869 788 915
212 433 539
575 274 848
350 203 656
820 333 800
688 790 846
929 275 546
715 25 357
58 334 841
191 89 256
748 477 626
938 830 920
944 361 640
711 120 499
291 118 854
221 117 748
184 19 760
793 39 773
553 214 266
29 489 657
816 249 916
848 600 691
144 339 844
162 290 911
560 173 505
223 11 906
940 441 611
453 438 545
216 62 335
36 158 603
306 271 506
527 305 967
214 268 770
344 118 556
227 85 456
305 278 567
863 406 730
621 248 724
124 259 485
655 340 902
500 170 226
869 91 574
9 575 580
755 287 927
832 388 793
438 25 859
756 758 846
185 512 787
667 339 676
767 89 137
517 881 987
912 20 813
633 4 174
895 37 176
623 155 760
784 488 825
392 386 803
688 615 725
165 30 619
892 13 446
931 317 952
823 460 673
780 36 311
861 230 563
855 145 577
899 320 900
580 21 291
682 371 852
261 290 372
793 141 570
749 366 471
161 244 580
214 178 824
673 354 899
336 119 837
128 418 506
551 536 654
740 136 818
82 248 778
619 505 649
253 473 869
731 245 986
592 414 646
701 78 157
383 165 440
718 329 447
509 669 856
514 863 970
977 319 352
291 486 762
471 637 827
687 156 818
180 149 618
975 171 207
185 878 976
387 143 905
739 368 709
521 548 659
797 294 785
212 114 379
577 572 957
332 498 560
507 58 984
748 249 756
734 448 677
807 943 981
510 460 528
264 133 540
417 95 508
698 646 744
121 585 802
850 453 795
274 217 949
13 554 983
904 606 914
583 112 430
256 46 157
640 202 295
442 30 80
873 73 269
538 781 884
382 342 526
926 859 866
865 213 585
363 572 739
278 877 951
817 446 497
544 74 185
887 682 713
290 929 963
254 142 175
859 215 258
806 512 913
899 398 619
423 150 849
491 408 751
90 76 323
415 28 142
82 670 730
25 248 999
619 527 772
874 466 738
348 66 482
589 156 270
427 918 994
690 113 729
782 443 850
976 492 996
670 123 505
775 195 365
384 457 492
656 426 644
648 123 539
517 105 623
176 281 905
949 765 890
334 9 743
184 202 314
705 114 977
53 118 779
720 3 482
928 250 435
496 439 765
512 372 419
910 527 737
990 825 839
627 555 922
111 797 874
873 366 844
1000 49 610
203 562 850
167 172 602
633 284 749
209 86 620
318 127 521
393 269 608
794 160 541
326 858 978
168 430 804
376 260 777
61 68 277
823 425 551
238 164 533
790 631 953
467 364 716
860 143 840
486 395 554
910 7 157
930 504 768
9 5 457
4 62 853
394 507 656
818 622 889
342 182 568
19 235 895
461 9 110
151 383 468
256 162 170
209 314 697
467 451 587
6 122 820
549 25 453
296 265 324
42 74 525
175 507 931
791 249 975
682 273 281
687 68 820
210 113 320
74 7 297
504 317 572
805 208 393
227 360 541
283 123 935
352 402 553
961 475 525
845 417 958
138 318 921
104 110 186
587 86 233
182 75 246
70 19 827
764 917 936
162 427 501
998 505 558
73 308 941
85 176 758
166 116 340
862 73 103
162 79 504
8 777 856
195 749 921
32 344 624
339 373 939
545 356 908
690 679 749
294 344 522
306 4 658
346 174 684
136 322 869
529 408 983
482 336 384
335 67 919
875 359 728
733 409 728
706 280 991
395 981 985
367 243 997
401 141 869
501 140 301
282 2 265
813 789 941
252 557 916
584 448 579
578 175 272
860 89 482
767 202 769
131 155 194
153 206 771
887 160 580
955 726 757
67 427 926
895 22 951
803 614 991
468 657 693
886 26 52
755 124 543
479 655 997
911 586 679
944 303 962
815 128 938
918 543 783
836 623 794
551 767 768
240 479 887
554 139 717
149 107 774
366 45 966
334 130 459
263 754 885
936 683 706
528 121 322
404 490 667
933 142 206
372 232 296
914 275 950
870 79 899
207 474 877
64 184 733
687 379 734
922 404 998
207 330 943
450 527 803
557 585 777
514 716 794
715 335 654
107 652 885
521 128 695
26 399 549
774 879 881
70 154 286
394 359 903
676 239 319
872 75 883
839 125 171
476 130 959
315 631 666
925 426 776
479 496 834
352 13 837
977 640 742
38 283 593
958 158 363
293 259 523
303 353 664
787 308 908
331 97 260
634 41 787
706 704 785
777 473 708
988 453 494
160 534 718
435 87 441
777 650 670
708 352 925
102 627 871
985 147 831
352 199 956
112 206 854
498 110 885
664 407 778
345 310 756
603 433 669
293 621 786
269 591 790
987 125 254
735 805 829
894 156 869
153 487 607
69 527 777
104 321 873
722 782 970
376 484 765
231 430 721
978 185 293
141 554 781
140 182 825
939 375 396
913 384 889
28 101 266
631 32 85
670 326 523
650 204 969
36 121 726
7 15 837
449 185 806
788 410 708
88 263 972
467 51 131
862 717 900
281 273 548
303 598 620
805 320 908
90 794 888
485 43 239
626 504 968
536 621 891
897 311 313
189 573 641
398 90 442
224 253 604
228 466 902
4 235 553
881 464 650
56 472 975
675 381 527
564 234 478
169 9 35
664 98 640
349 516 850
132 382 668
737 380 895
315 237 811
793 596 847
604 106 661
65 254 608
602 663 976
122 341 440
284 14 48
534 260 654
113 125 524
475 290 755
823 159 812
786 33 857
458 185 898
617 112 423
250 492 968
268 798 877
567 111 860
697 148 941
839 275 359
515 78 434
356 139 941
755 58 794
885 403 529
396 359 873
911 24 260
23 157 714
144 394 982
990 379 625
355 552 918
263 1 202
698 220 924
294 592 731
419 15 30
146 435 682
852 11 168
265 343 522
490 400 937
747 862 944
371 135 228
923 658 938
518 66 676
159 788 850
648 805 813
535 76 178
150 274 835
608 261 277
675 458 512
919 318 930
439 181 680
923 371 779
205 257 296
798 382 522
363 5 420
154 285 885
645 333 594
981 238 1000
152 4 854
660 285 713
945 414 646
573 108 711
122 404 887
168 465 788
100 466 847
912 828 877
497 160 576
501 81 870
58 78 467
840 773 827
31 145 967
431 23 430
494 397 790
879 251 922
169 223 277
848 229 638
440 483 652
696 937 948
11 441 790
735 432 869
814 258 1000
262 89 175
78 95 579
22 86 323
278 291 327
112 311 661
404 291 446
693 80 167
994 470 488
169 586 947
425 765 891
682 107 697
816 431 471
101 347 488
323 233 915
928 15 981
451 680 703
795 591 846
499 194 875
491 297 718
85 365 973
624 99 508
652 462 851
200 387 567
227 358 598
798 717 940
330 610 612
450 120 532
814 383 777
352 38 264
20 13 49
516 50 373
783 45 272
525 456 546
804 391 724
449 203 956
629 289 788
391 827 992
422 614 986
282 26 952
479 8 148
597 275 794
454 300 395
398 134 290
114 14 291
464 111 494
319 364 599
837 397 841
109 369 565
801 223 619
35 171 255
712 18 179
548 256 480
276 650 795
946 76 525
283 466 707
440 232 561
974 122 819
65 576 601
452 176 509
188 284 402
473 834 922
294 166 655
489 723 741
27 61 711
811 230 491
347 652 668
627 563 693
300 69 118
256 617 920
202 614 860
222 17 565
637 278 485
142 71 501
479 150 449
964 618 965
280 236 703
543 444 725
847 788 987
867 452 728
971 742 969
701 854 956
327 511 845
9 151 620
944 137 653
41 67 247
626 19 689
141 746 935
519 484 842
988 129 645
873 398 995
958 397 689
791 512 687
453 5 170
392 420 692
816 338 953
406 435 690
250 189 425
637 7 189
738 718 728
436 622 920
993 376 802
821 416 763
941 386 889
311 301 339
451 231 871
35 458 786
87 32 231
848 25 71
182 91 554
590 658 746
319 381 552
543 615 727
767 533 860
966 552 601
130 227 479
744 475 548
981 33 289
117 67 366
418 191 678
617 130 977
914 856 863
611 354 758
360 165 447
486 459 774
526 365 490
839 255 537
204 78 533
446 700 738
23 370 792
89 474 662
76 475 627
622 98 937
967 277 351
679 772 821
806 530 667
649 628 785
698 195 467
477 211 303
108 515 571
850 380 930
137 426 950
61 609 994
862 710 742
421 998 1000
306 277 359
810 281 727
162 26 992
488 105 726
226 491 672
819 202 890
171 259 861
927 898 968
351 110 448
380 37 261
230 693 809
574 13 792
205 955 964
914 137 423
268 733 865
139 133 378
371 197 988
992 82 701
542 450 799
768 362 773
639 130 293
772 338 900
426 352 524
645 21 61
707 484 519
356 35 541
719 259 715
773 670 724
626 127 681
638 104 419
164 110 211
441 91 350
903 125 899
975 555 568
309 892 901
775 29 840
453 406 478
126 289 896
245 623 660
42 450 566
313 295 745
686 3 407
167 754 990
218 78 839
743 485 988
886 561 748
908 138 991
350 291 966
650 576 972
471 556 890
855 330 863
103 158 771
666 662 734
597 268 855
379 586 878
29 210 900
571 42 546
900 30 815
949 196 317
520 201 305
362 14 741
729 23 225
443 189 273
288 369 720
540 9 966
549 464 871
196 394 966
147 182 822
700 235 968
707 180 797
435 339 747
120 321 334
578 400 753
859 466 983
149 404 556
688 762 999
263 434 737
819 310 868
199 365 781
596 248 258
985 216 759
801 42 140
816 638 991
206 603 916
747 455 857
61 25 784
840 442 652
506 133 280
687 91 113
289 89 172
842 277 761
229 508 857
793 86 456
164 570 822
316 198 521
389 200 427
654 443 732
490 759 801
827 365 850
691 426 640
191 772 864
351 7 489
283 333 727
766 121 465
716 138 420
779 280 947
160 411 752
694 567 865
854 195 776
926 84 488
923 625 972
173 72 87
337 127 872
687 103 562
564 180 591
16 523 747
605 25 592
548 336 371
596 192 342
545 466 577
33 241 879
569 497 680
644 519 738
576 174 489
461 98 821
362 205 287
813 391 440
140 169 564
226 321 479
935 756 985
505 48 855
425 63 403
719 354 572
427 29 646
829 224 640
415 382 528
233 319 452
950 198 442
77 9 381
285 156 311
964 351 731
121 556 790
551 26 87
184 458 917
440 561 715
421 258 634
65 92 612
167 440 583
826 620 722
171 27 579
684 523 693
490 588 889
947 111 734
486 296 599
749 765 935
325 64 644
927 298 302
811 885 975
29 254 515
925 420 539
874 400 590
909 634 928
502 727 826
737 139 933
36 504 733
149 627 951
212 344 795
224 232 709
346 109 119
26 284 630
947 166 895
571 155 398
219 269 330
343 189 658
90 815 933
148 59 153
694 748 912
729 10 15
944 548 814
313 294 650
960 267 388
637 422 485
750 148 423
727 459 622
182 9 762
489 541 744
592 563 622
503 563 757
445 93 131
218 324 758
412 123 674
781 542 895
858 418 441
482 78 339
244 189 254
866 239 767
117 170 731
550 513 937
78 120 534
212 946 961
241 111 945
652 258 808
102 634 709
852 35 574
258 2 279
238 136 386
376 876 964
642 149 886
573 562 563
816 707 821
743 251 615
995 858 874
687 358 363
194 433 577
27 350 363
504 220 733
37 795 818
82 105 364
291 244 663
125 493 528
834 17 327
181 170 408
682 170 554
423 694 847
313 600 900
51 479 999
198 184 382
871 56 942
386 385 414
91 320 970
182 112 407
257 96 647
357 870 973
219 434 439
477 443 730
491 254 365
83 981 997
565 99 824
249 349 775
361 51 308
928 171 368
854 251 328
658 477 868
948 145 437
769 60 205
304 167 235
555 336 873
178 512 944
74 385 693
716 39 560
59 245 578
71 757 918
336 327 596
32 802 854
129 374 465
947 247 953
755 320 447
126 415 926
23 63 433
138 196 621
582 330 739
755 582 914
380 407 897
78 298 991
880 7 978
239 290 373
838 97 804
169 576 695
732 577 888
895 721 807
526 5 218
